0 0.0 0.0 100.0 39.32753311006582 0.06382978723404255 0.0 26.0
0 6.964404506368992 0.0 100.0 65.54588851677637 0.10638297872340426 0.0 18.0
0 35.02731384004353 0.0 100.0 52.436710813421094 0.0851063829787234 0.0 68.0
0 41.01894605119016 6.964404506368992 100.0 65.54588851677637 0.0851063829787234 0.3 98.0
0 0.0 0.0 100.0 52.436710813421094 0.05319148936170213 0.875 58.0
0 0.0 0.0 100.0 45.88212196174346 0.05319148936170213 0.42857142857142855 44.0
0 0.0 0.0 100.0 52.436710813421094 0.07446808510638298 0.125 62.0
0 20.893213519106975 6.964404506368992 100.0 65.54588851677637 0.0851063829787234 0.3 98.0
0 0.0 0.0 100.0 52.436710813421094 0.07446808510638298 0.125 62.0
0 0.0 0.0 100.0 39.32753311006582 0.031914893617021274 1.1666666666666667 22.0
0 0.0 0.0 100.0 45.88212196174346 0.05319148936170213 0.42857142857142855 50.0
0 0.0 0.0 60.09550750110156 52.436710813421094 0.0851063829787234 0.0 24.0
0 0.0 0.0 55.33867904109067 52.436710813421094 0.07446808510638298 0.125 26.0
0 0.0 0.0 49.68182479159829 52.436710813421094 0.07446808510638298 0.125 16.0
0 8.0 0.0 100.0 52.436710813421094 0.0851063829787234 0.0 64.0
0 100.0 0.0 100.0 45.88212196174346 0.07446808510638298 0.0 50.0
0 0.0 0.0 28.970562748477143 26.218355406710547 0.031914893617021274 0.25 20.0
0 0.0 0.0 39.02853619445302 98.31883277516455 0.031914893617021274 273.0 36.0
0 16.0 8.0 55.79536498308774 52.436710813421094 0.0425531914893617 1.875 54.0
0 0.0 0.0 100.0 58.99129966509873 0.09574468085106383 0.0 30.0
1 0.0 0.0 76.36193110141902 98.31883277516455 0.1276595744680851 0.4666666666666667 140.0
1 0.0 0.0 72.99723091758837 78.65506622013164 0.1276595744680851 0.0 100.0
1 13.476793952995513 0.0 91.98796516803787 78.65506622013164 0.11702127659574468 0.08333333333333333 108.0
1 25.700315397991663 0.0 145.0203460663903 117.98259933019746 0.1702127659574468 0.16666666666666666 152.0
1 0.0 0.0 114.34426569902502 131.09177703355275 0.19148936170212766 0.15 156.0
1 0.0 0.0 47.872999187785034 98.31883277516455 0.1595744680851064 0.0 136.0
1 0.0 0.0 65.42188916718756 72.10047736845401 0.11702127659574468 0.0 46.0
1 0.0 0.0 70.65058877720831 104.87342162684219 0.13829787234042554 0.4375 136.0
1 6.622026239078487 0.0 70.73225141408965 72.10047736845401 0.11702127659574468 0.0 70.0
1 7.406997698298323 0.0 88.78033574874945 58.99129966509873 0.09574468085106383 0.0 86.0
1 0.0 0.0 68.50738272435089 78.65506622013164 0.11702127659574468 0.08333333333333333 96.0
1 0.0 0.0 46.93731361322256 39.32753311006582 0.06382978723404255 0.0 38.0
1 21.928809012737986 6.964404506368992 106.33665001050221 65.54588851677637 0.09574468085106383 0.1 50.0
1 0.0 0.0 50.02033663082091 45.88212196174346 0.07446808510638298 0.0 38.0
1 16.153991346345272 0.0 83.97062792728093 65.54588851677637 0.10638297872340426 0.0 72.0
1 0.0 0.0 25.112126572366307 32.772944258388186 0.05319148936170213 0.0 54.0
1 0.0 0.0 25.468656806611275 39.32753311006582 0.05319148936170213 0.16666666666666666 26.0
1 0.0 0.0 47.51401671129635 45.88212196174346 0.06382978723404255 0.14285714285714285 32.0
1 7.406997698298323 0.0 73.87554306666075 58.99129966509873 0.06382978723404255 0.7777777777777778 16.0
1 12.506660004608896 0.0 71.28891267713567 91.76424392348692 0.11702127659574468 0.5 116.0
